### Table 1 : Display of u1, u2, u3 (Top 3) vectors as images
| u1 | u2 | u3 |
|----|-----|-----------|
|<img src= ./plots_and_images/high_u1.JPG width="300"> | <img src= ./plots_and_images/high_u2.JPG width="300"> | <img src= ./plots_and_images/high_u3.JPG width="300"> |

### Table 2 : Comparison of True vs corrupted images with different gamma (TOP 3 u1,u2,u3 VS BOTTOM 3 u1,u2,u3)
| gamma | TOP 3 u1,u2,u3 (true vs corrupted images)  |  BOTTOM 3 u1,u2,u3 (true vs corrupted images) |
|---------|----------------------------------------|-------------------------------------------|
| 0     |  <img src= ./plots_and_images/low_0.JPG width="200"> | <img src= ./plots_and_images/low_0.JPG width="200"> |
| 0.005 |  <img src= ./plots_and_images/high_005.JPG width="200"> | <img src= ./plots_and_images/low_005.JPG width="200"> |
| 0.01  |  <img src= ./plots_and_images/high_01.JPG width="200"> | <img src= ./plots_and_images/low_01.JPG width="200"> |
| 0.015 |  <img src= ./plots_and_images/high_015.JPG width="200"> | <img src= ./plots_and_images/low_015.JPG width="200"> |
| 0.02  |  <img src= ./plots_and_images/high_02.JPG width="200"> | <img src= ./plots_and_images/low_02.JPG width="200"> |
| 0.025 |  <img src= ./plots_and_images/high_025.JPG width="200"> | <img src= ./plots_and_images/low_025.JPG width="200"> |
| 0.03  |  <img src= ./plots_and_images/high_03.JPG width="200"> | <img src= ./plots_and_images/low_03.JPG width="200"> |
| 0.035 |  <img src= ./plots_and_images/high_035.JPG width="200"> | <img src= ./plots_and_images/low_035.JPG width="200"> |
| 0.04  |  <img src= ./plots_and_images/high_04.JPG width="200"> | <img src= ./plots_and_images/low_04.JPG width="200"> |
| 0.045 |  <img src= ./plots_and_images/high_045.JPG width="200"> | <img src= ./plots_and_images/low_045.JPG width="200"> |
| 0.05  |  <img src= ./plots_and_images/high_05.JPG width="200"> | <img src= ./plots_and_images/low_05.JPG width="200"> |

### Table 3 : Observation Table for Training Dataset
| gamma | Avg Accuracy | Avg FTPT | Avg FFPT | Avg FTPF | Avg FFPF |
|-------|--------------|----------|----------|----------|--------------|
| 0     | 98.756   | 76.7397  | 22.0163 | 0.319667   | 0.924333 |
| 0.005 | 98.754   | 75.5807 |  23.1733  | 0.278    |  0.968    |    
| 0.01  | 98.588   | 76.628  |  21.96    | 0.364667 |  1.04733  |       
| 0.015 | 98.7137  | 76.3227 |  22.391   | 0.302667 |  0.983667 |     
| 0.02  | 98.6177  | 77.3763 |  21.2413  | 0.314333 |  1.068    |       
| 0.025 | 98.7887  | 78.35   |  20.4387  | 0.264667 |  0.946667 |     
| 0.03  | 98.717   | 78.0663 | 20.6507   | 0.303667 | 0.979333  |        
| 0.035 | 98.7497  | 80.596  |  18.1537  | 0.303    |  0.947333 |         
| 0.04  | 98.745   | 81.6727 |  17.0723  | 0.325667 |  0.929333 |           
| 0.045 | 98.7427  | 83.5353 |  15.2073  | 0.287667 |  0.969667 |        
| 0.05  | 98.6667  | 85.0023 |  13.6643  | 0.347667 |  0.985667 | 

### Table 4 : Observation Table for Testing Dataset 1
| gamma | Avg Accuracy | Avg FTPT | Avg FFPT | Avg FTPF | Avg FFPF |
|-------|--------------|----------|----------|----------|--------------|
| 0     | 85.773 |  69.683 |   16.09 |    3.85  | 10.377 | 
| 0.005 | 86.364 |  68.949 |  17.415  |   3.55 |  10.086|       
| 0.01  | 86.143 |   69.67 |  16.473  |  3.834 |  10.023|        
| 0.015 | 86.073 |  68.914 |  17.159  |  3.621 |  10.306|       
| 0.02  | 86.25  | 70.004  | 16.246   | 4.029  |  9.721 |       
| 0.025 | 87.28  | 71.304  | 15.976   |  3.56  |   9.16 |     
| 0.03  | 86.861 | 71.338  | 15.523   | 3.839  |  9.3   |         
| 0.035 | 87.296 |  73.621 |  13.675  |  3.845 |   8.859|           
| 0.04  | 87.966 |  75.063 |  12.903  |  3.703 |   8.331|            
| 0.045 | 88.451 |  76.804 |  11.647  |  3.532 |   8.017|         
| 0.05  | 88.205 |  78.287 |   9.918  |  4.021 |   7.774|

### Table 5 : Observation Table for Testing Dataset 2
| gamma | Avg Accuracy | Avg FTPT | Avg FFPT | Avg FTPF | Avg FFPF |
|-------|--------------|----------|----------|----------|--------------|
| 0     | 65.97  | 46.855  |19.115  | 9.633   | 24.397   | 
| 0.005 | 65.775 |  45.616 |  20.159 |   8.934 |  25.291 |       
| 0.01  | 65.436 |  45.279 |  20.157 |   9.673 |  24.891 |        
| 0.015 | 65.392 |   45.59 |  19.802 |   9.688 |   24.92 |        
| 0.02  | 66.423 |  47.674 |  18.749 |  10.609 |  22.968 |        
| 0.025 | 67.647 |  48.921 |  18.726 |   9.917 |  22.436 |      
| 0.03  | 67.159 | 49.386  | 17.773  |  11.5   | 21.341 |         
| 0.035 | 68.25  | 52.218  | 16.032  | 11.687  | 20.063  |          
| 0.04  | 69.255 |  53.957 |  15.298 |   12.34 |  18.405 |            
| 0.045 | 69.759 |  55.676 |  14.083 |  12.477 |  17.764 |         
| 0.05  | 72.328 |  60.069 |  12.259 |  12.296 |  15.376 |

### Table 6 : Observation Table for Testing Dataset 3
| gamma | Avg Accuracy | Avg FTPT | Avg FFPT | Avg FTPF | Avg FFPF |
|-------|--------------|----------|----------|----------|--------------|
| 0     | 86.124  | 70.164 |   15.96 |   3.664 |  10.212 |  
| 0.005 | 85.803 |  68.473 |   17.33  |  3.916 |  10.281 |       
| 0.01  | 84.793 |  67.493 |   17.3   |  4.313 |  10.894 |        
| 0.015 | 84.932 |  67.363 |  17.569  |  4.277 |  10.791 |        
| 0.02  | 83.731 |  66.588 |  17.143  |  4.922 |  11.347 |        
| 0.025 | 84.265 |  67.118 |  17.147  |   4.8  |  10.935 |     
| 0.03  | 83.11  | 65.329  | 17.781   | 5.139  | 11.751  |         
| 0.035 | 80.868 |  63.761 |  17.107  |  5.613 |  13.519 |          
| 0.04  | 80.303 |  62.768 |  17.535  |  5.762 |  13.935 |             
| 0.045 | 79.224 |  61.821 |  17.403  |  5.432 |  15.344 |          
| 0.05  | 75.727 |  58.134 |  17.593  |  6.231 |  18.042 |

### Table 7 : Observation Table for Testing Dataset 4
| gamma | Avg Accuracy | Avg FTPT | Avg FFPT | Avg FTPF | Avg FFPF |
|-------|--------------|----------|----------|----------|--------------|
| 0     |  65.97  | 46.855  | 19.115  |  9.633  | 24.397 | 
| 0.005 | 65.733 |  45.658 |  20.075 |   9.047 |   25.22 |       
| 0.01  | 65.242 |  45.062 |   20.18 |   9.684 |  25.074 |       
| 0.015 | 64.95  | 44.963  | 19.987  |  9.569  | 25.481  |         
| 0.02  | 65.376 |  45.649 |  19.727 |  10.171 |  24.453 |        
| 0.025 | 66.132 |  46.357 |  19.775 |   9.492 |  24.376 |      
| 0.03  | 64.791 |  44.92  | 19.871  | 10.741  | 24.468  |          
| 0.035 | 64.284 |  44.189 |  20.095 |  10.149 |  25.567 |          
| 0.04  | 63.899 |  43.883 |  20.016 |  10.677 |  25.424 |            
| 0.045 | 63.261 |  43.266 |  19.995 |  10.145 |  26.594 |          
| 0.05  | 62.689 |  42.333 |  20.356 |  10.205 |  27.106 |
